from scipy.optimize import linprog
#linprog решает только задачи минимизации

obj = [-54.8, -51.4, -43.65,-48.8, -37.663, -37.662, -26.686, -49.051, 13.5]

lhs_ineq = [[ -1, 0, 0, 0, 0, 0, 0, 0, 0],
            [0, -1, 0, 0, 0, 0, 0, 0, 0],
            [ 0, 0, -1, 0, 0, 0, 0, 0, 0],
            [ 0, 0, 0, -1, 0, 0, 0, 0, 0],
            [0, 0, 0, 0, -1, 0, 0, 0, 0],
            [ 0, 0, 0, 0, 0, -1, 0, 0, 0],
            [ 0, 0, 0, 0, 0, 0, -1, 0, 0]]

rhs_ineq = [-80000,
            -72000,
            -78000,
            -73000,
            -79000,
            -67000,
            -40000]

bnd = [(0, 80000),
       (0, 72000),
       (0, 78000),
       (0, 73000),
       (0, 79000),
       (0,67000),
       (0, 40000),
       (0, 1000000),
       (0, 1000000)]

#obj содержит коэффициенты целевой функции
#lhs_ineq и rhs_ineq содержат коэффициенты из ограничений-неравенств для x.

opt = linprog(c=obj, A_ub=lhs_ineq, b_ub=rhs_ineq, bounds=bnd, method="simplex")
print(opt)
